0 10000
0 10000
9879 1934 7
1704 7544 4
2578 3463 10
3968 4186 1
740 1557 3
6841 8190 8
4024 6249 1
9828 7386 5
4022 8051 8
6207 672 7
1544 9508 1
3813 4976 4
1611 7551 4
7581 7424 5
8711 8311 6
3508 1565 1
6855 4573 9
2941 6181 6
5306 9322 2
8324 8351 6
5975 8954 9
3353 5825 8
2992 5827 7
4526 8549 5
4226 349 3
3596 8854 6
5583 4077 2
7425 364 3
4243 7461 9
4294 1548 9
1249 1439 8
244 6060 9
2902 2545 2
3175 3242 5
6537 4018 6
9569 4064 9
9357 3862 7
4579 6098 4
2405 1669 7
7639 1881 8
7593 946 6
7406 3232 1
7437 7696 9
1059 2341 1
6816 7404 5
4633 6928 1
2122 8241 4
985 8280 8
8236 2934 2
1750 3094 9
1636 5230 7
6660 3253 4
8944 8318 2
5166 8103 3
7027 5570 8
1536 2630 0
9535 6806 7
5409 2337 6
6797 4564 7
366 3846 10
8092 5386 4
7486 9917 3
1202 7552 9
5250 9805 8
3258 2348 5
5464 5286 1
3989 514 6
4151 7569 2
1807 6020 5
2554 8572 4
205 9883 3
9237 9295 7
6537 4095 5
9326 3 8
1635 5409 2
9211 2077 7
7947 2193 1
5774 3258 8
4400 959 7
2576 7475 9
7519 7485 1
2287 5433 9
642 3381 5
7673 8323 6
6712 5526 3
7152 9575 1
6421 8928 9
4190 3565 1
3908 5464 4
8161 3467 6
3174 6228 10
8145 7966 5
7891 7459 10
8523 1255 2
5056 8224 4
6357 252 7
9509 4144 1
4440 7314 7
600 7814 4
8667 3673 8
6312 7449 4
3551 8923 3
9970 2426 10
2242 1296 7
6525 2251 4
6050 3500 1
3872 2871 7
1422 9275 6
251 513 1
4211 5927 1
1841 1629 10
7258 8384 5
3704 1676 0
8416 5022 1
7342 9993 1
5710 3554 9
1769 471 5
9574 2137 6
2653 3978 5
9246 3337 1
2238 2296 9
3736 9361 3
875 6832 3
6401 9621 6
1806 4380 5
451 9403 4
7232 58 7
3474 6103 9
6606 8011 6
3839 2330 3
6273 9325 2
216 7633 4
9106 8264 0
8006 5735 9
7458 7926 6
8131 3290 2
3833 2235 5
6173 3124 1
5755 5845 9
5301 8299 4
2751 2905 5
2486 4026 6
4516 8621 7
2277 6147 4
8044 9912 1
9861 2037 5
300 8272 0
5357 6759 7
871 2489 0
8021 4758 10
9891 3991 7
669 5994 9
9394 8005 5
182 1051 2
6838 8214 3
7837 8411 8
5341 3545 10
8854 4301 4
8990 5722 8
6259 7008 1
1379 7425 6
2178 7579 4
1821 3891 7
418 4293 3
1069 9563 1
6164 5730 5
9397 8497 6
3545 2763 1
4106 6223 5
9843 5884 7
9456 9635 8
6766 859 3
9883 5005 4
7668 5216 9
3367 902 7
6624 9047 2
2442 8844 8
2955 4390 3
6802 7817 3
5278 1485 0
4116 6198 4
6026 2606 4
7505 4457 3
5835 8440 3
5518 1962 2
5836 3039 9
5118 4833 9
826 3378 4
7196 7985 5
9962 9875 6
3545 1590 5
9713 2369 3
3464 7022 10
8865 3755 2
4547 9737 9
4134 9723 0
2177 6437 3
1257 8601 7
3089 4019 6
7261 6319 2
7829 9852 10
6938 5595 5
98 9336 3
8432 7203 6
9223 4840 9
7710 6390 9
427 8876 5
3782 1987 4
7043 3954 3
7295 9922 1
2243 4024 8
2691 6589 1
6730 9013 4
4775 9954 4
6237 6532 9
2364 1084 0
1771 361 8
8296 6181 3
7669 5671 3
9345 9620 5
1079 7461 7
1822 6625 2
991 5233 2
4898 2599 10
1932 9620 6
8959 5402 3
991 303 10
442 6963 9
5573 5197 2
7725 590 0
3119 8900 7
1790 3302 9
3390 2297 1
2101 1139 0
5102 3109 6
9064 2284 6
6289 6520 5
1015 662 0
3909 2754 7
546 2818 9
5013 8801 9
4317 4443 1
9976 7559 4
8116 6033 2
4857 7833 6
8944 1139 6
1375 9786 3
3900 8486 8
9274 506 8
9175 4662 8
7136 3257 4
6183 6302 1
3433 2303 7
9360 5799 10
1248 6032 2
7306 5999 1
6465 4484 9
8332 354 5
3983 5138 9
7498 4077 8
8352 1080 2
3225 4599 2
5523 4509 1
9791 5511 6
5493 8054 8
3304 7009 5
6195 8722 0
3606 522 10
7565 2197 5
4139 4596 3
4923 9585 2
6947 7900 6
9727 4519 6
3278 3334 8
8378 591 2
7391 7409 4
9542 5068 1
319 1999 9
3569 4272 3
6627 1687 3
2815 7517 0
2304 3684 8
7111 9418 5
6246 172 5
5906 8291 9
6604 6266 7
476 5387 7
3488 6505 2
4513 7266 6
2409 945 10
7150 8776 6
8562 144 8
2815 2943 10
7311 1799 9
1378 9263 2
8367 682 0
1386 5811 5
5882 6372 0
3662 6513 5
8068 8646 10
5038 560 2
4896 8169 4
8770 5289 4
3531 6944 8
4494 2124 8
9635 5433 5
423 7025 4
9730 9564 9
1892 4445 7
6671 854 7
5864 573 9
6751 6295 5
3610 7962 8
6203 6912 5
8112 3453 8
193 9468 4
839 5202 7
9748 9538 10
6513 736 5
2312 2070 4
4035 7750 2
1220 9142 3
2684 7826 1
2578 2955 4
3317 1518 3
1522 8479 3
3480 7849 8
1217 2708 5
8842 2278 5
943 3210 8
9300 8296 1
3990 8222 6
474 5707 3
3424 5718 3
7360 2860 6
7947 6991 9
5449 7963 2
6862 4416 7
8936 4462 9
548 4657 2
3037 2790 3
462 6754 5
1955 9037 9
7202 9085 5
7218 7472 3
8778 2605 5
5824 6896 6
707 1318 4
9227 1235 0
8004 1909 7
2859 1457 5
5437 5850 4
9848 734 1
7157 8223 4
8390 7229 2
4333 9259 2
4706 4926 8
5607 6549 4
2691 8901 1
7490 5385 4
5039 2822 8
6468 9760 2
3077 364 9
1387 3262 3
4756 9730 3
3625 3650 2
7881 3091 8
7803 1209 1
6685 9158 10
1335 1355 2
216 3321 3
5598 8975 7
3008 4996 1
9394 6153 5
9809 5831 7
2866 6983 9
8008 293 7
8961 5279 7
5975 321 4
8840 8271 2
9437 3400 5
5492 8467 2
7284 2461 8
5768 5815 7
259 9377 8
4465 478 8
6463 540 5
5212 206 3
3723 6815 7
9371 5986 10
8295 1140 8
8491 7962 8
3725 6179 7
5932 702 6
8726 693 8
9335 1360 5
6685 7889 9
2068 924 1
6539 2379 10
721 2436 1
4067 1048 5
6669 8584 4
9337 6982 1
8110 7337 7
4845 6505 6
7567 5163 8
4170 3264 6
9718 6618 8
9880 1176 6
8641 1478 9
3889 198 9
4547 9643 5
2467 9704 8
7844 1239 5
8828 4674 8
9137 6567 3
5583 2902 10
5989 7545 3
1489 5581 1
8997 4278 8
4504 2672 8
2057 7537 9
8997 8984 3
7626 7284 8
8825 4068 5
2850 9383 5
6732 2554 8
6643 5332 10
1228 9548 1
4073 2677 7
2753 2501 2
7167 9277 4
2834 686 3
8962 2994 8
8266 5916 10
3900 2033 6
4979 6359 7
6948 7984 9
8344 5017 7
6096 6508 6
5747 7960 4
3260 2334 6
4564 6008 4
7138 1125 4
8844 5158 4
7209 8378 5
186 9208 5
6748 4982 9
4385 2776 2
4378 6525 3
1170 9173 6
8147 5098 5
3249 9742 3
2462 1973 6
3427 1112 9
3757 2974 1
5466 3964 4
5619 4208 1
3958 3115 6
3981 6938 5
5154 919 8
6575 4021 2
9509 2952 6
7223 3065 5
4001 1056 9
8319 5938 7
1343 2827 4
605 1552 3
842 7 3
1639 2836 10
3242 5508 3
3017 8709 2
117 423 4
5399 9047 7
954 1310 7
1465 8337 7
6311 8005 0
8593 9179 4
9742 1373 9
5708 5047 3
9969 4050 6
5535 1736 3
5155 5752 1
3307 6062 4
4300 2144 8
4918 5199 10
710 9892 9
8877 4899 1
646 6949 3
4362 4114 2
8266 348 3
3945 2928 10
6135 8014 5
8186 3465 7
8862 833 8
9311 5111 2
1908 3668 9
2586 7395 1
8979 5247 7
5934 8045 7
5038 8169 7
6128 1895 1
8194 1237 4
5319 8210 5
2021 6379 5
4539 161 9
4279 8960 7
9661 5154 8
6201 5445 5
6954 6064 10
7202 7604 1
3469 8553 5
5170 3829 3
5567 846 5
1565 7339 7
5621 3320 2
6948 8397 6
4265 3717 3
8363 8282 9
7314 1765 1
3600 1295 1
4542 8799 10
3864 441 2
7756 6867 2
7343 7338 2
4303 4372 1
6938 3798 5
9452 9797 7
7842 3990 8
7056 4402 8
1093 1568 7
3899 3260 5
5909 3141 7
4594 8945 10
503 2470 5
2287 3107 3
8342 4089 8
156 7080 2
8637 1436 2
781 8713 5
6690 832 6
5002 4617 6
2180 304 1
5716 7532 1
1222 7000 3
6712 2145 7
5996 6799 4
560 5573 8
563 8507 9
1525 5586 4
196 9018 1
4352 4195 6
8322 3581 7
6174 4890 3
5201 2560 5
8639 9292 2
977 4668 9
9081 2540 5
1080 4312 5
5170 7025 2
1432 4023 1
5594 1818 1
46 8563 8
7667 5842 8
8487 3736 2
9168 2217 9
9870 2190 7
5051 5222 7
2714 4334 10
1008 7413 0
5078 704 4
5856 8473 5
7629 6799 6
830 1367 1
6616 8584 7
5170 1998 1
1710 6073 6
9386 5430 7
5905 1623 5
4406 57 6
9419 7715 2
6559 7648 6
4519 4211 4
8397 568 1
5326 5857 4
5539 1742 3
6801 7286 2
3672 5343 6
2393 2531 5
5789 9171 4
8669 7582 2
4068 8870 9
1126 688 9
4438 1835 3
3002 7371 6
4014 6967 8
8334 7770 10
4036 5019 9
3902 4255 4
3604 6112 2
1403 8558 8
2601 6708 1
868 5236 2
4294 2988 4
2573 7040 8
2976 3816 6
4249 5677 6
1192 8879 9
4951 8429 6
7064 8988 0
2436 9390 8
7851 8154 6
741 14 5
3939 31 3
34 875 3
2207 2607 5
13 228 2
1892 4241 0
1425 3411 2
2681 5414 3
1749 9262 2
1386 2985 6
5989 3381 8
9011 8595 8
9394 3405 8
2212 1381 7
4827 5078 9
3760 8567 8
5238 3843 2
2649 6957 10
684 6279 1
4363 4504 7
1739 4736 2
261 9497 2
9547 835 3
4306 2798 2
9616 4470 5
7624 5876 10
73 8776 4
6800 4691 6
7060 4374 6
6451 7462 7
5523 4679 4
2181 8608 9
7724 4665 9
2280 4981 8
3709 4874 3
8909 2295 8
8564 856 1
4024 674 5
3180 8884 6
6086 2332 7
9102 8616 4
9091 7117 7
5916 8728 9
3326 9380 1
8531 1397 1
4424 3939 9
9044 9806 4
332 6448 4
5324 8964 10
7165 4822 8
1793 141 10
3365 6229 2
1877 2311 1
3219 5274 4
4039 7250 5
5486 6074 6
487 5884 10
5527 4334 5
2748 2442 4
2415 4290 10
2431 102 3
1542 6088 7
9564 9580 10
9357 954 7
8187 356 3
7283 8862 5
1758 2469 0
3604 89 9
1888 8149 4
12 1405 3
3164 8799 10
6996 954 5
6253 3526 3
5431 5934 1
4390 5852 6
2874 6677 2
5017 6480 1
7615 4334 6
7624 1398 3
5761 7519 4
7477 2418 7
6455 6505 9
1232 8574 3
5044 844 10
3473 9721 10
921 315 2
1478 8354 8
1982 8357 6
6723 499 9
4315 5459 6
6944 9432 7
2568 3215 7
98 8065 4
5323 6014 3
2794 7896 0
9462 7992 5
9064 496 6
3927 2832 3
249 6535 5
6714 4897 2
8372 9729 3
9715 7485 7
569 5678 9
4503 2990 9
5825 2561 2
6866 8866 4
7194 4468 9
6500 8160 3
7269 983 10
3738 8596 6
5816 276 2
1161 8992 8
577 8999 7
9798 5241 5
2848 1202 3
5950 1778 0
9622 7061 2
1858 8314 4
1930 348 6
3416 7578 10
9329 9571 2
3907 3429 8
2732 6382 9
1519 3430 5
3971 2165 2
3747 7862 8
1311 7231 5
4350 2788 1
915 5824 9
6146 4210 6
110 921 1
5733 240 9
7897 4911 0
2354 2783 0
4480 3398 10
5694 2873 7
614 1709 4
4963 3993 5
6423 6976 8
2213 2037 0
8371 6663 7
9711 4431 7
8464 4333 5
5060 1752 6
2789 1932 3
7466 6164 2
2369 2690 4
9573 5597 9
6203 9448 2
6003 7145 4
1726 6792 3
903 9594 1
2553 7753 5
8586 6077 8
9111 9480 9
6996 596 7
7252 2687 4
2299 9867 3
5761 7722 7
8106 4754 9
4038 6809 9
9884 4169 1
900 3801 5
3209 2133 1
5114 3829 3
606 297 9
7257 4723 2
5566 3334 1
5294 9758 5
8300 5554 3
8588 8463 4
7890 4081 8
3178 4620 8
4522 8263 7
7522 9912 4
1099 5239 6
1097 9254 2
2699 7390 6
5246 5674 7
9727 9688 6
7104 8245 3
3119 9596 4
2915 6463 2
8504 3796 8
9116 4766 5
6393 9119 4
2554 149 8
887 1567 2
8383 4716 8
5847 5430 8
9481 597 8
610 6580 4
5846 8896 4
2851 1096 9
8277 4378 5
1910 2802 6
4425 9852 7
3934 6088 10
8266 2537 5
6769 1326 6
2076 5450 6
3181 8278 9
1338 8370 9
6715 8333 2
5710 2037 2
1698 5444 2
1477 8749 8
4761 1210 2
9081 8564 10
5522 8998 7
329 2179 2
539 770 9
8051 4742 9
4514 8350 10
3826 4694 6
7896 4138 6
3643 5027 2
5323 1254 5
7117 1323 5
8715 8705 2
3287 6030 5
6501 2653 5
9748 8648 2
760 581 6
5870 4578 0
4139 7222 3
3091 3390 5
2638 4012 3
7588 5270 6
9952 8942 4
1866 7784 1
7811 694 9
1958 2788 6
9924 3794 7
8023 8647 7
4242 4200 7
7289 2399 8
4984 5977 5
8090 4794 2
3565 8985 4
732 9347 8
5910 8179 2
9102 7089 3
1938 7432 10
4324 8997 8
7492 652 2
392 3359 10
9463 43 1
7637 8281 4
5588 5074 4
1838 3662 4
4979 2266 1
5178 5348 4
9942 2895 6
8549 684 10
9624 850 2
6789 683 4
4035 4098 3
9350 1234 3
4795 4430 2
2318 8989 0
3963 3536 4
7051 1202 2
5586 5691 9
7566 8750 5
9955 3486 9
9624 419 10
5351 1423 6
9639 766 1
1156 7405 9
514 4565 6
3043 6682 9
5802 6992 4
5310 5714 6
9012 6287 1
5406 8778 9
4320 6624 6
5427 8754 1
7124 4675 7
167 1413 4
8009 681 1
1425 7142 2
4785 3080 2
2568 6712 2
3691 6524 7
6618 5310 8
1696 7151 5
2788 5048 6
1982 4880 6
1951 4978 10
3268 9360 6
8803 3893 6
4711 1171 9
4040 2404 6
1792 6849 3
9689 8393 10
4075 9701 4
8445 2152 6
6153 7603 7
3766 5841 7
8772 4030 2
7849 5100 1
4650 4956 3
8140 6514 9
8984 7437 6
4292 3020 5
3343 896 4
5966 8260 8
9020 3896 7
7021 7753 7
3775 1794 2
7350 1094 4
9541 9052 5
5428 8764 4
5401 9998 5
3111 8643 3
712 369 8
1820 5447 4
930 9976 7
4635 5110 5
93 8735 7
9150 702 9
6427 9875 5
14 9227 9
304 5643 2
2085 4315 9
4550 3378 1
1273 7207 5
86 137 0
7271 3741 8
3541 9227 2
7804 5465 2
4367 4739 2
4366 4965 7
492 3090 2
496 9508 3
911 9820 8
5940 5136 5
2411 9926 9
8414 4558 1
8572 4260 4
9636 2132 6
4889 1932 6
2203 8328 8
2262 7266 1
5368 5297 3
7621 8291 0
3476 5119 10
4612 5520 8
6393 2133 8
9173 5878 1
1616 1428 3
7156 522 2
5777 6833 5
4333 6086 8
8842 2197 6
3931 4063 7
1790 6299 6
6333 5553 7
6240 1276 9
3279 1692 6
8030 10 2
9995 4182 6
9810 4885 2
1270 1599 9
2322 6668 1
236 179 3
6074 1197 6
1108 9521 5
4075 9759 8
8841 309 5
5481 4939 2
3690 8627 7
2083 2429 1
4409 8343 7
9562 8136 6
1240 6290 2
4708 22 2
8569 3797 2
434 9044 1
6916 6804 2
9790 3788 10
2833 6320 0
1338 2433 10
6853 5714 0
9095 9817 10
6109 8497 3
9000 2834 5
