0 10000
0 10000
8507 5590 684
5606 8541 132
9296 3479 723
6967 4460 110
5828 542 117
8154 1771 641
8790 6628 329
9889 3308 654
5 8985 749
8654 1182 583
6126 9884 740
9900 5400 235
5277 7069 735
4795 9995 971
8013 2878 867
2278 4145 86
4981 4648 366
9009 7640 369
5747 8182 685
8452 1002 598
7386 1781 789
5860 3596 368
2467 567 206
6664 5219 87
835 3358 772
6260 1757 206
6609 2089 388
7298 9052 552
8908 6754 229
9823 4685 642
7690 9121 484
5814 1040 152
9283 7455 782
5801 7363 101
170 5619 294
1209 1842 237
8627 5972 531
4843 2999 91
8449 1341 405
2094 2126 105
5523 8949 112
6299 715 784
320 2425 292
6147 538 604
3624 4417 964
495 133 432
4896 8972 695
1925 1967 758
1231 934 433
2055 3074 655
1465 4561 110
1891 1017 934
427 9954 187
6352 3321 266
2819 2973 798
5386 620 488
6952 2982 769
4991 464 396
5358 5054 273
4452 7614 37
1239 6311 673
4904 899 430
8530 809 452
8739 7772 610
2703 9051 59
2085 5338 316
5650 1092 773
6403 8258 696
4170 3381 125
2060 2940 130
9479 7463 92
821 103 8
1057 484 423
1420 6679 656
1665 6035 723
6210 5261 531
5737 7297 109
521 7073 632
9312 7814 126
7287 2880 134
7378 6925 99
634 5567 142
8604 3965 168
9344 616 196
9844 7802 317
8589 3376 316
7856 6079 218
5134 7413 251
1776 1048 893
3986 1279 703
1339 5495 556
309 4852 184
9391 8905 212
3013 7990 77
2955 7343 914
3329 513 707
4671 729 558
6482 885 313
252 7984 166
8422 9430 622
